# t(ms)	x	y
3000	1144	528
3333	1140	544
3666	1140	544
4000	1124	544
4333	1092	538
4666	1092	538
4999	1081	540
5333	1066	536
5666	1044	531
5999	1004	520
6333	950	507
6666	910	501
6999	884	503
7333	860	498
7666	857	498
7999	840	498
8333	847	498
8666	864	481
8999	866	496
9333	872	493
9666	881	493
10000	881	493
10333	792	503
10666	742	503
11000	672	500
11333	581	510
11666	558	513
12000	561	542
12333	564	545
12666	564	545
13000	564	545
13333	565	543
13666	570	539
14000	582	537
14333	582	537
14666	582	537
15000	582	537
15333	582	537
15666	582	537
16000	582	537
16333	582	537
16666	582	537
17000	582	537
17333	582	537
17666	582	537
18000	582	537
18333	582	537
18666	582	537
19000	582	537
19333	582	537
19666	582	537
19999	582	537
